#OTU ID	HFD1	HFD2	HFD3	HFD4	HFD5	HFD6	NC1	NC10	NC2	NC3	NC4	NC5	NC6	NC7	NC8	NC9
zotu1	16948	3653	22457	22377	24111	17488	0	0	0	0	0	0	0	0	0	0
zotu10	18	54	197	164	10	22	100	245	2327	556	4111	512	779	991	1255	179
zotu100	0	0	0	0	0	0	49	0	134	120	84	36	0	0	0	0
zotu101	0	0	16	0	4	4	18	48	16	24	6	24	57	125	151	78
zotu102	2	10	127	95	15	21	2	33	3	12	4	5	68	4	10	3
zotu103	95	18	0	0	0	0	0	273	0	0	0	0	29	71	95	56
zotu104	0	0	0	0	0	2	2	27	2	2	0	0	144	110	30	46
zotu105	9	10	126	3	113	59	23	25	47	52	32	39	53	20	16	16
zotu106	126	17	5	0	14	27	3	301	0	0	0	1	51	68	100	73
zotu107	4	0	0	123	0	0	13	0	25	136	30	67	0	0	0	0
zotu108	0	0	0	0	0	0	27	43	19	61	3	42	169	91	31	30
zotu109	5	48	88	27	151	37	8	8	7	16	1	10	7	47	13	12
zotu11	0	1	3830	1	4873	1847	11	1055	244	20	220	71	2180	2069	0	125
zotu110	3	15	42	8	88	17	21	36	39	35	29	20	143	135	87	15
zotu111	0	1	0	0	0	0	103	4	28	36	13	114	4	11	18	36
zotu112	4	12	49	6	72	28	25	37	32	38	19	15	138	130	93	35
zotu113	65	112	0	79	0	0	1	2	1	4	0	0	2	0	0	2
zotu114	0	0	0	0	0	0	132	4	1	9	1	0	0	0	0	4
zotu115	0	0	1	0	0	0	0	0	0	0	0	0	127	2	0	0
zotu116	0	0	0	0	0	0	54	0	83	126	76	39	0	0	0	0
zotu117	0	0	0	0	0	0	26	0	120	4	81	100	0	0	1	0
zotu118	0	0	0	0	0	0	18	0	119	35	2	83	0	0	0	0
zotu119	1	23	72	14	3	10	9	59	1	3	6	36	50	26	104	51
zotu12	0	0	0	0	0	0	0	0	316	3376	1022	2359	0	0	0	0
zotu120	0	0	93	0	21	27	26	17	71	49	28	51	61	0	36	26
zotu121	1	108	0	21	0	0	0	2	0	1	0	0	0	0	0	0
zotu122	0	0	0	0	0	0	0	0	0	117	6	29	11	20	0	0
zotu123	0	0	107	0	26	41	47	28	62	62	41	44	64	0	37	16
zotu124	0	0	1	0	0	2	40	3	9	35	12	90	15	0	3	11
zotu125	0	0	7	0	86	1	7	0	34	11	21	19	0	0	0	0
zotu126	0	0	0	0	0	0	0	55	0	0	0	0	102	0	78	31
zotu127	0	6	0	5	3	7	101	12	1	22	0	0	0	15	11	17
zotu128	2	18	22	4	82	6	18	10	9	22	1	7	8	7	4	12
zotu129	0	0	0	0	0	0	21	33	31	40	30	29	89	12	74	33
zotu13	0	0	0	0	0	0	0	0	358	3240	1088	2514	0	0	0	0
zotu130	1	8	78	1	32	25	7	32	11	15	0	9	98	57	20	12
zotu131	0	0	0	0	0	0	64	0	76	74	30	110	0	0	0	0
zotu132	0	0	2	0	0	0	0	34	0	0	0	0	88	45	19	10
zotu133	0	0	76	0	42	83	0	1	4	0	0	1	1	3	0	0
zotu134	0	0	0	0	0	0	39	0	86	58	60	68	0	0	0	0
zotu135	0	0	0	0	0	0	2	10	4	0	0	0	1	24	76	33
zotu136	0	0	0	0	0	0	48	21	87	49	60	69	29	7	23	10
zotu137	0	0	0	0	0	0	0	0	0	90	5	28	9	40	0	0
zotu138	0	0	0	0	0	0	3	0	32	97	18	17	1	0	0	0
zotu139	0	20	0	1	0	0	21	33	17	25	21	28	47	20	85	26
zotu14	0	0	0	0	0	0	0	0	315	3087	898	2054	0	0	0	0
zotu140	0	2	2	5	0	0	72	17	3	4	1	0	0	0	8	9
zotu141	0	0	16	0	13	8	38	0	91	63	33	60	0	0	0	0
zotu142	6	14	20	5	71	3	8	11	6	11	0	13	14	7	5	2
zotu143	0	3	0	1	0	1	70	0	17	5	7	32	0	0	0	0
zotu144	0	0	0	0	0	0	4	0	78	14	0	28	0	0	0	0
zotu145	1	2	66	0	1	0	1	0	0	0	0	0	0	0	1	0
zotu146	0	0	7	0	61	1	4	0	14	8	9	6	0	0	0	0
zotu147	0	15	70	11	2	6	5	47	16	2	3	35	37	14	68	42
zotu148	0	14	59	2	3	6	1	14	2	4	0	3	13	4	0	4
zotu149	0	0	51	0	18	15	51	58	34	48	2	36	9	30	13	59
zotu15	0	0	0	0	0	0	0	0	206	2277	880	1755	0	0	0	0
zotu150	0	0	0	0	0	0	5	0	73	7	0	36	0	0	0	0
zotu151	4	0	0	42	0	0	7	0	12	58	20	21	0	0	0	0
zotu152	0	0	50	0	16	36	0	0	0	0	0	0	0	0	0	0
zotu153	1	2	57	3	36	16	7	18	4	4	2	5	61	55	13	19
zotu154	3	0	0	52	0	0	9	0	5	40	6	8	0	0	0	0
zotu155	0	0	0	0	0	0	54	0	48	30	20	45	0	0	0	0
zotu156	0	46	0	21	0	0	0	28	0	0	0	0	33	47	54	21
zotu157	0	9	13	6	44	9	6	0	0	1	0	1	0	0	0	0
zotu158	0	0	0	0	0	0	42	0	12	3	0	10	0	0	0	0
zotu159	0	0	0	0	0	0	0	0	39	40	23	21	3	39	3	0
zotu16	8	1776	0	1719	0	0	0	0	0	0	0	0	0	0	0	0
zotu160	217	6	2	98	14	15	0	0	0	0	0	0	0	0	0	0
zotu161	0	0	0	0	0	0	0	25	0	0	0	0	56	51	39	22
zotu162	0	0	0	0	0	0	50	0	13	8	1	24	0	0	0	0
zotu163	0	0	0	0	0	0	0	0	25	47	23	14	0	0	0	0
zotu164	0	0	40	0	27	46	0	0	1	0	0	0	2	0	0	0
zotu165	0	0	0	0	0	0	0	66	0	0	0	0	26	15	1	10
zotu166	0	0	0	0	0	0	4	70	34	0	16	18	36	8	8	10
zotu167	0	0	0	0	0	0	8	0	14	22	6	36	0	0	0	0
zotu168	0	0	0	0	0	0	0	0	0	0	0	0	5	0	40	1
zotu169	0	1	0	0	0	0	0	41	0	0	0	0	37	31	52	21
zotu17	0	0	0	0	0	0	540	937	1313	11	311	906	1296	653	1675	474
zotu170	0	0	2	0	0	0	8	0	11	23	3	37	0	0	0	0
zotu171	0	25	37	1	4	14	0	15	0	0	0	0	22	21	22	16
zotu172	0	0	0	0	0	0	11	0	29	31	6	18	0	0	0	0
zotu173	0	0	0	0	0	0	14	56	48	3	8	34	23	2	99	17
zotu174	0	0	0	0	0	0	0	0	0	0	0	0	0	17	0	44
zotu175	0	7	11	9	12	1	35	2	9	5	5	34	1	5	12	23
zotu176	3	41	0	1	0	0	0	17	0	0	0	0	19	24	26	14
zotu177	313	3	1	0	6	5	0	0	0	0	0	0	0	0	0	0
zotu178	0	8	19	2	5	4	27	0	3	3	0	12	0	0	2	9
zotu179	0	0	0	0	0	0	0	0	0	0	0	0	0	15	0	31
zotu18	818	292	1	9	1	1	6	1247	5	1	0	9	617	1652	1552	1064
zotu180	0	0	0	0	0	0	3	85	13	2	3	3	41	7	13	15
zotu181	82	13	0	0	0	0	2	9	0	7	1	0	5	2	3	5
zotu182	117	19	0	0	2	0	1	5	13	16	0	5	10	2	2	0
zotu183	0	0	0	0	0	0	0	0	0	1	22	0	6	0	0	0
zotu184	0	0	0	0	0	0	3	65	38	1	9	17	44	33	54	18
zotu185	0	0	0	0	0	0	7	0	24	9	12	16	0	0	0	0
zotu186	0	0	0	0	0	0	0	0	2	50	3	22	0	0	0	0
zotu187	0	1	20	1	0	0	0	0	0	0	0	0	0	0	0	0
zotu188	0	30	0	23	0	0	16	5	16	6	12	19	20	20	15	15
zotu189	0	0	0	0	0	0	3	16	18	11	8	6	13	9	3	7
zotu19	0	0	0	0	0	0	634	1	868	1534	621	587	12	2	1	3
zotu190	2	23	10	5	6	5	2	9	6	6	9	5	2	6	6	5
zotu191	0	7	28	1	0	3	10	0	5	7	6	2	0	1	1	3
zotu192	0	0	0	0	0	0	0	52	1	0	0	2	23	5	9	6
zotu193	0	0	0	0	0	0	0	0	0	8	18	0	0	0	0	0
zotu194	0	0	0	0	0	0	0	0	5	27	2	25	0	0	0	0
zotu195	28	8	2	3	5	2	2	179	36	0	3	5	126	138	0	25
zotu196	324	61	17	28	47	98	0	0	0	0	0	0	0	0	0	0
zotu197	2	23	0	6	0	0	0	6	0	0	3	6	3	2	6	4
zotu198	14	25	0	11	0	0	0	0	0	0	0	0	1	1	1	1
zotu199	3	21	0	6	0	0	7	5	2	5	2	10	3	1	6	1
zotu2	2	1	0	0	1	0	497	3308	317	83	32	300	1885	3463	13633	1466
zotu20	94	837	1960	448	72	42	0	0	0	0	0	0	0	0	0	0
zotu200	0	4	0	22	0	0	0	1	1	0	1	0	7	1	2	0
zotu201	0	0	0	0	0	0	0	0	6	53	6	26	0	0	0	0
zotu202	0	0	0	0	0	0	0	0	7	79	6	29	0	0	0	0
zotu203	0	0	0	0	0	0	0	112	6	11	6	4	162	34	94	14
zotu204	36	9	2	16	2	1	0	0	0	0	0	0	0	0	0	0
zotu205	178	1	0	0	7	5	0	0	0	0	0	0	0	0	0	0
zotu206	7	5	19	0	13	9	3	12	3	11	4	6	12	7	4	3
zotu207	0	0	0	0	0	0	11	355	41	1	7	21	289	95	294	21
zotu208	209	18	2	0	8	18	2	293	0	0	0	0	66	85	8	65
zotu209	0	0	0	0	0	0	2	0	0	72	0	38	0	0	0	0
zotu21	944	849	36	3	72	1	850	557	1262	1370	547	1305	1002	833	687	565
zotu210	0	0	0	0	0	0	8	135	27	14	0	7	263	92	137	34
zotu211	0	0	0	0	0	0	0	5	0	1	0	0	16	19	1	5
zotu212	251	30	16	29	15	22	0	0	0	0	0	0	0	0	0	0
zotu213	0	0	0	0	0	0	0	171	0	0	0	0	25	27	0	27
zotu214	0	0	0	0	0	0	3	29	12	20	3	5	22	5	4	2
zotu215	0	0	0	0	0	0	0	8	0	0	0	0	24	4	1	4
zotu216	0	0	0	0	0	0	8	35	15	2	0	6	14	13	22	14
zotu217	0	0	0	0	0	0	0	0	2	8	0	6	0	0	0	22
zotu218	88	3	0	0	14	20	0	2	0	0	0	0	0	7	2	6
zotu219	0	3	1	17	0	0	0	0	0	0	0	0	0	0	0	0
zotu22	708	243	156	5	914	451	135	1082	41	25	6	82	566	1339	1371	845
zotu220	0	0	0	0	0	0	9	1	14	15	7	6	0	0	1	0
zotu221	0	0	0	0	0	0	0	0	5	50	1	35	0	0	0	0
zotu222	0	0	0	0	0	0	8	39	24	7	7	21	47	23	15	13
zotu223	0	0	0	0	0	0	0	3	0	0	0	0	19	2	9	3
zotu224	106	4	0	0	7	13	0	153	0	0	0	0	44	35	3	54
zotu225	283	15	9	0	25	30	0	0	0	0	0	0	0	0	0	0
zotu226	88	0	0	1	2	6	0	0	0	0	0	0	0	0	0	0
zotu227	0	0	0	0	0	0	0	22	3	0	0	1	8	4	1	3
zotu228	0	0	0	0	0	0	0	38	11	0	0	0	0	1	0	7
zotu229	2	0	0	0	2	1	0	176	0	0	0	0	14	41	240	26
zotu23	20	385	1141	443	132	195	17	51	41	25	13	55	12	35	75	52
zotu230	2	14	21	5	10	15	2	20	14	9	13	13	9	6	14	9
zotu231	0	0	0	0	0	0	2	62	28	0	4	23	32	21	16	16
zotu232	4	2	0	0	0	1	1	13	0	0	0	0	7	13	39	13
zotu233	0	0	0	0	0	0	9	33	1	3	1	7	12	9	89	27
zotu234	0	0	0	0	0	0	0	53	0	0	0	0	2	7	45	0
zotu235	0	0	0	0	0	0	5	30	20	0	2	13	22	8	39	27
zotu236	262	0	1	11	4	0	0	0	0	0	0	0	0	0	0	0
zotu237	41	0	0	0	0	2	0	5	0	0	0	0	2	0	0	0
zotu238	310	3	0	0	8	17	0	0	0	0	0	0	0	0	0	0
zotu239	0	5	12	2	10	1	7	1	8	11	3	10	6	2	0	0
zotu24	461	548	370	913	1229	228	165	0	871	1223	261	488	1	0	2	2
zotu240	0	3	10	0	0	0	0	0	0	0	0	0	0	0	0	0
zotu241	3	11	0	14	0	0	8	4	2	5	7	5	11	14	10	3
zotu242	0	0	0	0	0	0	0	0	1	29	0	11	0	0	0	0
zotu243	0	0	0	0	0	0	0	0	1	13	0	11	0	0	0	0
zotu244	0	0	0	0	0	0	0	0	4	64	5	35	0	0	0	0
zotu245	0	0	0	0	0	0	0	0	1	12	1	18	0	0	0	0
zotu246	0	0	0	0	0	0	0	23	0	1	0	0	15	14	4	1
zotu247	0	0	0	0	0	0	1	0	0	0	0	0	0	0	0	29
zotu248	159	13	2	0	3	29	0	0	0	0	0	0	0	0	0	0
zotu249	0	0	0	0	0	0	0	23	6	3	2	0	5	4	2	0
zotu25	0	0	0	0	0	0	710	0	1347	0	78	912	0	0	0	0
zotu250	5	0	0	11	0	0	0	1	0	0	0	0	12	9	0	0
zotu251	0	0	0	0	0	0	0	23	0	0	0	0	16	3	0	5
zotu252	0	0	0	0	0	0	0	40	1	0	3	1	18	5	9	1
zotu253	5	12	4	4	0	2	11	95	67	17	5	14	171	122	230	36
zotu254	0	0	0	0	0	0	0	5	0	0	0	0	17	2	0	7
zotu255	55	17	0	1	3	4	0	5	4	2	2	0	0	0	1	0
zotu256	0	0	0	8	0	0	2	0	3	7	1	4	0	0	0	0
zotu257	0	0	62	0	87	97	0	0	0	0	0	0	0	0	0	0
zotu258	120	14	0	0	5	17	0	212	4	0	0	2	26	85	103	64
zotu259	3	3	0	2	0	3	0	133	5	2	0	1	26	48	88	43
zotu26	0	0	0	0	0	0	15	60	33	62	13	80	419	1196	300	74
zotu260	0	0	0	0	0	0	9	81	24	0	4	6	21	8	26	15
zotu261	0	0	0	0	0	0	0	0	0	34	0	4	0	0	0	0
zotu262	12	21	8	0	4	12	4	27	7	9	2	5	20	27	3	58
zotu263	0	3	1	2	0	0	2	1	3	11	0	0	0	0	9	9
zotu264	0	0	0	0	0	0	7	3	0	0	0	0	0	0	0	30
zotu27	0	0	0	0	0	0	23	0	512	123	996	119	0	0	0	0
zotu28	0	0	1	0	0	0	1	260	4	5	0	3	1043	358	488	58
zotu29	0	0	0	0	0	0	667	0	1187	676	419	870	0	0	0	0
zotu3	759	8750	1902	2091	7	734	228	52	58	103	21	135	41	38	27	20
zotu30	0	51	936	188	182	135	191	114	17	463	398	209	71	36	162	36
zotu31	0	0	70	0	8	10	360	0	862	902	532	783	0	0	0	0
zotu32	27	156	706	34	330	773	27	208	58	102	20	150	487	366	275	293
zotu33	8	669	0	688	0	0	0	0	0	0	0	0	0	0	0	0
zotu34	10	806	176	454	29	48	0	0	0	0	0	0	0	0	0	0
zotu35	0	0	0	0	0	0	15	0	311	65	592	58	1	0	0	0
zotu36	0	0	0	0	0	0	0	356	1	1	1	2	577	667	353	280
zotu37	0	1	1	0	34	5	187	3	12	229	7	326	19	0	11	600
zotu38	0	0	0	0	0	0	0	894	0	0	0	0	417	802	0	682
zotu39	0	0	0	0	0	0	231	73	603	304	479	461	220	51	160	79
zotu4	3547	1572	2461	37	5643	4119	454	5143	420	300	115	394	7564	7622	425	3265
zotu40	0	0	0	0	0	0	25	662	19	40	5	415	221	126	104	60
zotu41	0	0	0	0	0	0	172	0	292	537	551	298	0	0	0	0
zotu42	16	433	449	229	54	74	202	31	223	111	37	268	43	61	555	49
zotu43	5	556	131	271	25	17	0	0	0	0	0	0	0	0	0	0
zotu44	36	151	198	191	279	170	208	274	436	203	173	261	728	301	236	203
zotu45	30	83	225	8	139	102	190	43	521	551	411	357	284	393	142	75
zotu46	28	117	236	48	484	92	79	70	86	113	25	97	84	89	65	47
zotu47	0	0	0	0	0	0	352	0	540	0	386	460	0	0	0	0
zotu48	0	0	1	0	0	0	65	97	56	141	6	109	559	289	101	55
zotu49	0	0	41	0	50	9	388	4	2	62	1	196	0	2	1	34
zotu5	448	407	627	858	411	109	141	4380	6318	0	410	336	7594	6841	0	605
zotu50	29	85	245	35	417	81	72	60	82	163	19	88	96	64	45	45
zotu51	151	178	107	322	430	57	34	1	319	399	105	194	1	0	0	0
zotu52	11	232	431	119	34	193	28	259	118	75	27	50	320	131	145	59
zotu53	0	0	0	0	0	0	176	24	230	471	60	388	3	12	261	64
zotu54	0	0	0	0	0	0	119	232	231	206	153	141	467	433	153	140
zotu55	0	0	0	0	0	0	124	45	188	419	81	435	34	69	289	96
zotu56	45	391	370	243	34	123	99	67	38	88	30	76	51	61	149	136
zotu57	0	1	0	0	0	0	173	45	166	379	49	166	36	162	275	378
zotu58	189	89	0	3	1	1	0	306	2	0	0	1	175	417	349	277
zotu59	0	0	406	0	23	146	18	0	86	69	35	61	0	0	0	0
zotu6	4858	227	230	6754	571	187	0	0	0	0	0	0	0	0	0	0
zotu60	0	0	3	2	0	1	90	249	277	174	69	175	433	225	97	164
zotu61	15	5	364	175	309	176	69	129	107	94	46	110	188	144	262	156
zotu62	0	0	0	0	1	0	107	22	189	381	53	376	14	34	196	56
zotu63	139	292	83	327	153	133	47	115	50	62	34	49	158	160	277	140
zotu64	0	0	0	1	0	0	80	0	133	280	294	124	0	0	0	0
zotu65	0	0	0	0	0	0	3	20	7	22	2	19	148	376	111	32
zotu66	0	0	0	0	0	0	86	0	171	243	301	166	0	0	0	0
zotu67	0	0	1	0	23	4	88	9	7	97	6	208	11	0	12	280
zotu68	0	11	77	0	2	39	248	0	136	155	19	139	0	0	0	0
zotu69	12	39	65	16	177	50	47	48	127	94	69	67	287	214	191	51
zotu7	0	0	0	0	0	0	1574	2520	3665	26	899	2706	3680	1823	6201	1414
zotu70	12	164	181	108	294	146	14	22	19	60	9	35	148	127	95	33
zotu71	0	0	0	0	0	0	0	0	0	1	0	0	0	0	0	285
zotu72	0	0	0	0	0	0	98	0	234	184	198	273	0	0	0	0
zotu73	0	0	0	0	0	0	122	0	254	265	187	82	0	0	0	0
zotu74	0	0	0	0	0	0	122	0	160	176	60	308	0	0	1	2
zotu75	244	271	0	1	0	0	3	1	4	6	3	7	4	0	0	1
zotu76	0	0	53	0	25	21	131	0	245	204	44	156	0	0	0	0
zotu77	3	78	15	51	34	53	67	8	220	160	258	262	54	48	48	10
zotu78	0	0	0	0	0	0	95	0	112	131	43	234	0	0	0	0
zotu79	0	0	0	0	0	0	117	2	124	153	53	253	0	0	1	0
zotu8	0	0	0	0	0	0	332	1281	378	670	263	266	5532	2132	2798	386
zotu80	29	85	0	11	0	0	79	30	159	188	165	126	130	231	100	47
zotu81	0	2	0	0	0	0	71	0	220	148	207	185	0	0	0	0
zotu82	45	153	0	30	0	0	55	15	125	152	83	83	127	208	67	44
zotu83	0	0	0	0	0	0	0	54	1	1	1	2	261	133	72	59
zotu84	0	1	0	0	0	0	185	45	97	75	4	14	33	62	185	223
zotu85	0	0	0	0	0	0	3	49	0	4	0	2	234	175	50	50
zotu86	0	0	0	0	0	0	109	0	217	0	146	109	0	0	0	0
zotu87	0	0	2	0	0	0	3	46	1	0	0	1	211	169	50	52
zotu88	0	0	0	0	0	0	0	150	0	2	0	0	196	138	65	104
zotu89	0	0	0	2	0	0	0	123	0	0	0	0	194	112	53	69
zotu9	3569	772	5079	4827	5184	3984	0	0	0	0	0	0	0	0	0	0
zotu90	0	0	11	0	173	2	4	0	72	34	24	38	0	0	0	0
zotu91	0	0	0	0	0	0	62	0	120	103	111	178	0	0	0	0
zotu92	0	0	0	0	0	0	2	2	0	0	0	0	0	0	0	188
zotu93	0	32	0	138	0	0	0	0	0	0	0	0	0	0	0	0
zotu94	0	0	5	0	0	4	14	82	22	17	7	14	199	88	56	42
zotu95	0	0	2	0	0	0	17	74	111	61	25	60	165	105	32	47
zotu96	1	21	133	113	10	14	5	26	6	13	1	5	68	5	15	4
zotu97	0	0	0	0	0	0	0	55	0	0	0	0	163	60	19	82
zotu98	72	171	3	115	1	7	4	39	4	7	0	3	74	44	65	37
zotu99	29	16	0	125	0	0	5	5	2	7	5	18	20	9	7	0
